4294967278,70
4294967278,305
4294967278,69
4294967278,232
4294967278,68
4294967278,340
4294967278,67
4294967278,339
4294967278,66
4294967278,338
4294967278,65
4294967278,64
4294967278,226
4294967278,63
4294967278,303
4294967278,62
4294967278,302
4294967278,61
4294967278,60
4294967278,223
4294967278,59
4294967278,58
4294967278,336
4294967278,57
4294967278,219
4294967278,56
4294967278,186
4294967278,55
4294967278,185
4294967278,54
4294967278,184
4294967278,53
4294967278,183
4294967278,52
4294967278,182
4294967278,51
4294967278,181
4294967278,50
4294967278,180
4294967278,49
4294967278,179
4294967278,48
4294967278,178
4294967278,47
4294967278,177
4294967278,46
4294967279,86
4294967279,84
4294967279,83
4294967279,78
4294967279,74
4294967279,73
4294967279,88
4294967279,20
4294967279,19
4294967279,18
4294967279,17
4294967279,15
4294967279,13
4294967279,12
4294967279,11
4294967279,10
4294967279,8
4294967279,7
4294967279,0
4294967279,347
4294967279,6
4294967279,5
4294967279,382
4294967279,385
4294967279,71
4294967278,389
4294967279,70
4294967279,305
4294967279,69
4294967279,343
4294967279,68
4294967279,372
4294967279,67
4294967279,342
4294967278,228
4294967279,66
4294967279,371
4294967279,65
4294967279,304
4294967279,64
4294967279,229
4294967279,63
4294967279,303
4294967279,62
4294967279,370
4294967279,384
4294967279,61
4294967278,388
4294967279,60
4294967279,302
4294967279,59
4294967279,369
4294967278,387
4294967278,346
4294967278,0
4294967279,58
4294967279,341
4294967279,57
4294967279,340
4294967279,56
4294967279,339
4294967279,55
4294967279,184
4294967294,1019
4294967279,54
4294967279,183
4294967294,988
4294967279,53
4294967279,182
4294967279,52
4294967279,181
4294967279,51
4294967279,180
4294967279,50
4294967279,179
4294967279,49
4294967279,178
4294967279,48
4294967279,177
4294967294,437
4294967279,47
4294967279,176
4294967279,21
4294967294,69
4294967279,46
4294967279,175
4294967279,383
4294967279,45
4294967279,173
4294967294,408
4294967294,396
4294967294,179
4294967294,405
4294967294,1014
4294967294,1018
4294967294,384
4294967294,975
4294967294,453
4294967294,469
4294967279,44
4294967279,172
4294967279,43
4294967279,171
4294967279,42
4294967279,170
4294967279,41
4294967279,169
4294967294,424
4294967279,40
4294967279,168
4294967294,89
4294967279,39
4294967279,167
4294967279,135
4294967279,38
4294967279,166
4294967279,37
4294967279,165
4294967279,36
4294967279,164
4294967279,35
4294967279,163
4294967279,34
4294967279,162
4294967279,33
4294967279,161
4294967279,32
4294967279,160
4294967294,392
4294967294,390
4294967294,114
4294967279,31
4294967279,159
4294967294,969
4294967279,30
4294967279,158
4294967279,133
4294967279,29
4294967279,157
4294967279,28
4294967279,156
4294967279,27
4294967279,155
4294967279,26
4294967279,154
4294967279,25
4294967279,153
4294967279,24
4294967279,152
4294967294,481
4294967294,482
4294967279,23
4294967279,151
4294967294,1021
4294967294,96
4294967294,94
4294967279,149
4294967279,189
4294967294,8
4294967279,22
4294967279,150
4294967294,107
4294967294,50
4294967294,90
4294967294,86
4294967294,84
4294967294,987
4294967294,417
4294967294,53
4294967294,45
4294967294,428
4294967294,44
4294967294,112
4294967294,111
4294967294,31
4294967294,61
4294967294,30
4294967294,164
4294967294,163
4294967294,46
4294967294,36
4294967294,39
4294967294,115
4294967294,387
4294967294,388
4294967294,165
4294967294,113
4294967294,167
4294967294,180
4294967294,189
4294967294,177
4294967294,92
4294967294,88
0,5
4294967294,43
4294967294,7
4294967294,6
4294967294,93
4294967294,95
4294967294,22
4294967294,42
4294967294,76
4294967294,187
4294967294,415
4294967294,51
4294967294,52
4294967294,480
4294967294,470
4294967294,81
4294967294,184
4294967294,398
4294967294,188
4294967294,185
4294967294,11
4294967294,175
4294967294,183
4294967294,176
4294967294,1022
4294967294,17
4294967294,67
4294967294,99
4294967294,41
